  -6.0000000e+00   7.0000000e+00
   4.3523921e-01  -1.7142857e+00
   4.2857143e-01  -1.7208592e+00
   0.0000000e+00  -1.7221754e+00
  -6.9832164e-03  -1.7142857e+00
   0.0000000e+00  -1.7055599e+00
   4.2857143e-01  -1.7005546e+00
   4.3523921e-01  -1.7142857e+00
  -4.0000000e+00   9.0000000e+00
   7.9058147e-01  -1.7142857e+00
   4.2857143e-01  -2.0711764e+00
   0.0000000e+00  -2.0990445e+00
  -3.4055111e-01  -1.7142857e+00
   0.0000000e+00  -1.2887521e+00
   7.0928255e-03  -1.2857143e+00
   4.2857143e-01  -1.1872308e+00
   6.0656579e-01  -1.2857143e+00
   7.9058147e-01  -1.7142857e+00
  -2.0000000e+00   1.5000000e+01
   9.1034103e-01  -2.1428571e+00
   8.5714286e-01  -2.1920658e+00
   4.2857143e-01  -2.4266486e+00
   0.0000000e+00  -2.4445976e+00
  -4.2857143e-01  -2.2582184e+00
  -5.4773351e-01  -2.1428571e+00
  -6.7509736e-01  -1.7142857e+00
  -4.2857143e-01  -1.4653871e+00
  -2.7914709e-01  -1.2857143e+00
   0.0000000e+00  -1.1026008e+00
   4.2857143e-01  -9.5983750e-01
   8.5714286e-01  -1.1659913e+00
   1.0078093e+00  -1.2857143e+00
   1.1545300e+00  -1.7142857e+00
   9.1034103e-01  -2.1428571e+00
  -2.0000000e+00   9.0000000e+00
  -1.1250429e+00   0.0000000e+00
  -1.2857143e+00  -1.9789280e-01
  -1.7142857e+00  -1.2733469e-01
  -1.7969514e+00   0.0000000e+00
  -1.7404977e+00   4.2857143e-01
  -1.7142857e+00   4.6325397e-01
  -1.2857143e+00   6.6640745e-01
  -1.0385155e+00   4.2857143e-01
  -1.1250429e+00   0.0000000e+00
   0.0000000e+00   2.1000000e+01
  -1.4398499e+00  -3.0000000e+00
  -1.5960078e+00  -2.5714286e+00
  -1.5795753e+00  -2.1428571e+00
  -1.2857143e+00  -1.9204523e+00
  -1.2450609e+00  -1.7142857e+00
  -8.5714286e-01  -1.4941058e+00
  -6.5157410e-01  -1.2857143e+00
  -4.2857143e-01  -1.1851770e+00
   0.0000000e+00  -9.1814288e-01
   1.6122286e-01  -8.5714286e-01
   4.2857143e-01  -5.4383388e-01
   8.5186607e-01  -8.5714286e-01
   8.5714286e-01  -8.5923985e-01
   1.2857143e+00  -1.1590916e+00
   1.6038864e+00  -1.2857143e+00
   1.7142857e+00  -1.4798986e+00
   2.1428571e+00  -1.7002989e+00
   2.3208346e+00  -1.7142857e+00
   2.5714286e+00  -2.0809583e+00
   2.9482742e+00  -2.1428571e+00
   3.0000000e+00  -2.5309725e+00
   0.0000000e+00   2.0000000e+01
  -3.0000000e+00   2.0834349e+00
  -2.5714286e+00   1.8956169e+00
  -2.5292411e+00   1.7142857e+00
  -2.1428571e+00   1.6467318e+00
  -1.7142857e+00   1.4387016e+00
  -1.6229528e+00   1.2857143e+00
  -1.2857143e+00   1.1595185e+00
  -8.6064970e-01   8.5714286e-01
  -8.5714286e-01   8.5377514e-01
  -5.5878408e-01   4.2857143e-01
  -7.3184350e-01   0.0000000e+00
  -8.5714286e-01  -1.4129632e-01
  -1.0996539e+00  -4.2857143e-01
  -1.2857143e+00  -6.9673592e-01
  -1.5924179e+00  -8.5714286e-01
  -1.7142857e+00  -1.0949169e+00
  -2.1428571e+00  -1.2700302e+00
  -2.3480107e+00  -1.2857143e+00
  -2.5714286e+00  -1.5304040e+00
  -3.0000000e+00  -1.6443481e+00
   2.0000000e+00   9.0000000e+00
  -9.8720264e-01  -8.5714286e-01
  -8.5714286e-01  -1.0031749e+00
  -4.2857143e-01  -9.7063447e-01
  -2.3937628e-01  -8.5714286e-01
  -1.6802812e-02  -4.2857143e-01
  -4.2857143e-01  -7.6182633e-02
  -7.3331921e-01  -4.2857143e-01
  -8.5714286e-01  -6.4127693e-01
  -9.8720264e-01  -8.5714286e-01
   2.0000000e+00   3.3000000e+01
   9.3412696e-01  -4.2857143e-01
   1.2857143e+00  -6.8466362e-01
   1.7142857e+00  -4.8181111e-01
   1.7538894e+00  -4.2857143e-01
   1.8569340e+00   0.0000000e+00
   1.7425887e+00   4.2857143e-01
   1.7142857e+00   4.7561742e-01
   1.3586923e+00   8.5714286e-01
   1.2857143e+00   1.2162628e+00
   1.2787177e+00   1.2857143e+00
   1.2248425e+00   1.7142857e+00
   9.2884839e-01   2.1428571e+00
   8.5714286e-01   2.2056497e+00
   4.2857143e-01   2.4467013e+00
   0.0000000e+00   2.5030520e+00
  -4.2857143e-01   2.4466606e+00
  -8.5714286e-01   2.1933893e+00
  -9.1207789e-01   2.1428571e+00
  -1.1564403e+00   1.7142857e+00
  -1.0064675e+00   1.2857143e+00
  -8.5714286e-01   1.1661240e+00
  -4.2857143e-01   8.6633282e-01
  -3.2772549e-01   8.5714286e-01
   0.0000000e+00   7.9783308e-01
   2.5385816e-01   8.5714286e-01
   4.2857143e-01   8.7720651e-01
   6.8802936e-01   8.5714286e-01
   8.5714286e-01   6.4576139e-01
   9.0214931e-01   4.2857143e-01
   8.5714286e-01   2.6891256e-01
   8.1460992e-01   0.0000000e+00
   8.5714286e-01  -2.0528363e-01
   9.3412696e-01  -4.2857143e-01
   4.0000000e+00   1.3000000e+01
  -6.7023654e-01   1.2857143e+00
  -4.2857143e-01   1.0999319e+00
   0.0000000e+00   1.0246161e+00
   4.2857143e-01   1.1052307e+00
   7.7873518e-01   1.2857143e+00
   8.3680348e-01   1.7142857e+00
   4.2857143e-01   2.1127100e+00
   3.2233118e-01   2.1428571e+00
   0.0000000e+00   2.2235890e+00
  -3.2208034e-01   2.1428571e+00
  -4.2857143e-01   2.1126044e+00
  -8.0195991e-01   1.7142857e+00
  -6.7023654e-01   1.2857143e+00
   6.0000000e+00   1.1000000e+01
  -2.7314307e-01   1.2857143e+00
   0.0000000e+00   1.2166391e+00
   2.7131950e-01   1.2857143e+00
   4.2857143e-01   1.4771065e+00
   5.1238921e-01   1.7142857e+00
   4.2857143e-01   1.7960898e+00
   0.0000000e+00   1.9555481e+00
  -4.2857143e-01   1.7958707e+00
  -5.0505008e-01   1.7142857e+00
  -4.2857143e-01   1.4754849e+00
  -2.7314307e-01   1.2857143e+00
